SampleID	X	Y	Size	Estimation.Type	fore_Green	back_Green	fore_Red	back_Red	Signal.to.Noise	Pvalue	FDR	Out.Index	Other.Spots	Cells
1772-062-248_A01	259	367	31	Fluorescence-based	48.39921	17.17328	219.07155	17.29096	3.58876998	6.16E-07	3.99E-06	confidence	0	1
1772-062-248_A02	256	334	49	Chip.Pattern-based	18.2753117	16.75678805	19.34483579	17.86312268	0.118383548	0.999999998	1	confidence	0	0
1772-062-248_A03	262	368	19	Fluorescence-based	26.18448	16.96603	86.50398	17.00592	2.28087703	7.13E-05	1.69E-04	confidence	X = 30, Y = 204 (Green) | X = 262, Y = 368 (Red)	1
1772-062-248_A04	261	369	152	Fluorescence-based	45.746	16.83239	18.41931	18.04464	1.39034246	5.16E-27	9.60E-25	confidence	0	1
1772-062-248_A05	261	335	141	Fluorescence-based	32.56343609	17.04534744	47.98146317	18.00398509	1.365933891	3.32711E-25	3.53624E-23	confidence	0	0
1772-062-248_A06	258	367	43	Fluorescence-based	33.96903	17.12875	84.36209	17.73959	2.18750593	5.75E-09	8.60E-08	confidence	0	1
1772-062-248_A07	259	336	59	Fluorescence-based	23.99687	16.76427	104.27848	17.49655	2.5088823	1.21E-11	3.48E-10	confidence	0	1
1772-062-248_A08	261	370	49	Chip.Pattern-based	16.96014523	16.48601098	18.543643	17.2985128	0.094973016	0.999999999	1	confidence	0	0
1772-062-248_A09	258	335	51	Fluorescence-based	35.1490069	17.03836126	151.853158	17.68783186	3.031975255	2.63506E-10	5.44579E-09	confidence	0	0
1772-062-248_A10	257	336	49	Chip.Pattern-based	17.73740475	16.76694308	17.96013718	17.64355195	0.076725667	0.999999996	1	confidence	0	0
1772-062-248_A11	256	365	21	Fluorescence-based	27.57297	16.79935	77.52854	17.48489	2.08687071	3.19E-05	8.73E-05	confidence	0	1
1772-062-248_A12	259	336	72	Fluorescence-based	59.33639	17.15235	82.80962	17.67773	2.16579672	8.39E-14	2.84E-12	confidence	0	1
1772-062-248_B01	256	368	81	Fluorescence-based	36.51921	16.84559	95.26674	17.46956	2.38188778	2.71E-15	1.55E-13	confidence	0	1
1772-062-248_B02	256	336	78	Fluorescence-based	136.0652796	16.94635421	247.6531346	17.84359692	3.721988337	8.53218E-15	3.34319E-13	confidence	0	0
1772-062-248_B03	257	368	31	Fluorescence-based	156.19838	16.49284	365.97825	17.643	4.29898824	6.16E-07	3.99E-06	confidence	0	1
1772-062-248_B04	256	368	22	Fluorescence-based	24.45883446	17.42812799	32.8975861	18.06719657	0.830089799	4.14929E-05	0.000112667	confidence	0	0
1772-062-248_B05	259	334	43	Fluorescence-based	83.26818157	17.57444172	258.2366053	18.16504919	3.757719841	5.78001E-09	8.60065E-08	confidence	0	0
1772-062-248_B06	260	368	49	Chip.Pattern-based	18.61252963	17.33061568	18.38172704	17.79752996	0.097520384	0.999999998	1	confidence	0	0
1772-062-248_B07	274	336	49	Chip.Pattern-based	18.59336689	16.77800039	18.41181782	17.65147529	0.140272265	0.999999973	1	confidence	X = 353, Y = 271 (Green) | X = 479, Y = 19 (Red)	0
1772-062-248_B08	255	369	56	Fluorescence-based	55.27385	16.86962	95.34973	17.8404	2.35445115	3.84E-11	8.67E-10	confidence	0	1
1772-062-248_B09	254	338	49	Chip.Pattern-based	18.85657558	16.95388655	17.91938287	18.04717213	0.145320657	0.999999999	1	confidence	0	0
1772-062-248_B10	258	333	31	Fluorescence-based	140.4042763	17.29144875	234.2784399	17.81999494	3.644030977	6.15049E-07	3.98845E-06	confidence	0	0
1772-062-248_B11	257	365	42	Fluorescence-based	26.55739	16.89131	82.80821	17.73004	2.16173782	8.45E-09	1.16E-07	confidence	0	1
1772-062-248_B12	258	333	45	Fluorescence-based	44.89074	17.21947	119.32029	17.73083	2.68339297	2.66E-09	4.30E-08	confidence	0	1
1772-062-248_C01	257	367	33	Fluorescence-based	125.39179	16.88908	256.18453	17.67154	3.78389114	2.82E-07	2.23E-06	confidence	0	1
1772-062-248_C02	258	336	49	Chip.Pattern-based	18.74308874	16.99205727	18.73724405	17.81922705	0.133987553	0.999999974	1	confidence	X = 394, Y = 210 (Green) | X = 480, Y = 44 (Red)	0
1772-062-248_C03	256	365	49	Fluorescence-based	22.24359	16.47323	35.75975	17.65515	0.97855334	1.05E-05	3.79E-05	confidence	0	1
1772-062-248_C04	257	366	147	Fluorescence-based	31.08054	16.9589	103.09563	17.45471	2.49584853	3.58E-26	5.32E-24	confidence	0	1
1772-062-248_C05	256	338	25	Fluorescence-based	27.49053	16.90286	27.87306	17.98114	0.67029239	2.02E-02	3.06E-02	confidence	0	1
1772-062-248_C06	256	365	14	Fluorescence-based	207.32057	16.87694	429.7801	17.61421	4.53247571	6.10E-05	1.50E-04	confidence	0	1
1772-062-248_C07	256	338	185	Fluorescence-based	36.41641	16.90544	36.15316	17.83573	1.06327279	2.95E-32	1.10E-29	confidence	0	1
1772-062-248_C08	256	365	49	Chip.Pattern-based	18.55532781	16.84354128	18.45408369	17.34379137	0.132159755	0.999999996	1	confidence	0	0
1772-062-248_C09	256	335	36	Fluorescence-based	31.25378676	16.74622249	193.2654913	17.71277081	3.375934548	8.74694E-08	9.43148E-07	confidence	0	0
1772-062-248_C10	276	333	49	Chip.Pattern-based	18.84464852	16.7735745	19.20571431	17.78065871	0.159016155	0.999999989	1	confidence	0	0
1772-062-248_C11	259	365	49	Chip.Pattern-based	18.5913447	17.1662864	19.11205139	18.08754865	0.108952894	0.999999999	1	confidence	X = 419, Y = 359 (Green) | X = 487, Y = 149 (Red)	0
1772-062-248_C12	254	332	20	Fluorescence-based	63.79758	17.23888	182.48447	17.569	3.30468991	4.74E-05	1.19E-04	confidence	0	1
1772-062-248_D01	257	369	260	Fluorescence-based	19.13175	16.7409	44.78394	17.41419	1.31402332	1.02E-44	7.57E-42	confidence	0	1
1772-062-248_D02	256	334	26	Fluorescence-based	36.6189	16.42944	122.32408	17.71301	2.72034067	4.38E-06	1.91E-05	confidence	0	1
1772-062-248_D03	256	365	22	Fluorescence-based	60.36633	16.86614	117.62652	17.91175	2.64907154	2.14E-05	6.47E-05	confidence	0	1
1772-062-248_D04	254	364	26	Fluorescence-based	36.45359	16.73188	231.12607	17.65704	3.6371164	4.40E-06	1.91E-05	confidence	0	1
1772-062-248_D05	258	332	22	Fluorescence-based	131.81331	17.0486	132.18176	18.13018	2.87944064	2.14E-05	6.47E-05	confidence	0	1
1772-062-248_D06	257	364	255	Fluorescence-based	20.92175	17.98759	31.08523	17.92945	0.76127692	2.93E-25	3.54E-23	confidence	0	1
1772-062-248_D07	256	334	49	Chip.Pattern-based	16.91989383	15.58804446	17.13970579	16.75493314	0.111418271	0.999999999	1	confidence	0	0
1772-062-248_D08	254	367	49	Fluorescence-based	22.58467	15.94082	35.95889	16.76335	1.05701774	2.13E-05	6.47E-05	confidence	0	1
1772-062-248_D09	256	333	31	Fluorescence-based	107.94137	17.05913	311.41655	17.52854	4.07564958	6.15E-07	3.99E-06	confidence	0	1
1772-062-248_D10	253	328	14	Fluorescence-based	170.8875	16.92374	290.34107	17.84095	3.95076567	5.42E-04	9.81E-04	confidence	0	1
1772-062-248_D11	259	365	49	Chip.Pattern-based	19.01852419	15.76479634	19.0737604	16.69140865	0.255900663	0.999974427	1	confidence	0	0
1772-062-248_D12	257	330	49	Fluorescence-based	24.92622669	15.62581205	16.3879518	16.66524815	0.640987443	0.102859198	0.151239612	confidence	X = 257, Y = 330 (Green) | X = 448, Y = 106 (Red)	0
1772-062-248_E01	255	366	31	Fluorescence-based	54.74908206	15.97775901	181.2948957	16.78470635	3.357565108	6.1541E-07	3.98845E-06	confidence	0	0
1772-062-248_E02	255	336	106	Fluorescence-based	24.46223	15.76095	60.73849	16.80619	1.79379105	1.97E-19	1.47E-17	confidence	0	1
1772-062-248_E03	255	365	40	Fluorescence-based	19.61272	15.86389	49.71509	16.69403	1.51915217	1.81E-08	2.26E-07	confidence	0	1
1772-062-248_E04	258	365	49	Chip.Pattern-based	17.63844136	16.60688028	18.51829521	17.4170154	0.083787767	0.999999999	1	confidence	0	0
1772-062-248_E05	256	331	44	Fluorescence-based	33.82896268	15.7572154	81.80537479	16.74830836	2.222042891	3.88399E-09	6.14828E-08	confidence	0	0
1772-062-248_E06	255	364	34	Fluorescence-based	30.11503	15.88952	98.40518	16.61948	2.49614995	1.90E-07	1.75E-06	confidence	0	1
1772-062-248_E08	254	365	19	Fluorescence-based	30.13325	16.9267	299.57638	17.75822	4.00213666	7.12E-05	1.69E-04	confidence	0	1
1772-062-248_E09	255	334	79	Fluorescence-based	29.39926	18.98281	48.63192	18.79133	1.32639945	5.67E-15	2.52E-13	confidence	X = 27, Y = 497 (Green) | X = 255, Y = 334 (Red)	1
1772-062-248_E10	256	330	28	Fluorescence-based	33.72492	16.91995	108.86352	18.03824	2.52874034	2.00E-06	1.05E-05	confidence	0	1
1772-062-248_E11	257	362	49	Fluorescence-based	91.11547	17.21133	142.1564	17.87723	2.92287341	5.70E-10	1.04E-08	confidence	0	1
1772-062-248_F01	253	366	74	Fluorescence-based	76.79498	31.01333	26.07288	26.25219	1.28100415	3.85E-14	1.43E-12	confidence	X = 253, Y = 366 (Green) | X = 6, Y = 166 (Red)	1
1772-062-248_F02	254	335	37	Fluorescence-based	23.36572	26.39018	55.83368	21.8789	1.31272826	5.79E-08	6.34E-07	confidence	X = 413, Y = 170 (Green) | X = 254, Y = 335 (Red)	1
1772-062-248_F05	254	329	20	Fluorescence-based	28.36057	17.01593	231.15512	18.07747	3.60514767	4.76E-05	1.19E-04	confidence	0	1
1772-062-248_F06	255	364	58	Fluorescence-based	24.41565	17.0554	72.26781	17.86781	1.9572528	1.77E-11	4.87E-10	confidence	0	1
1772-062-249_C07	177	238	40	Fluorescence-based	28.96304	16.40224	70.74	11.56411	2.51346925	1.84E-08	2.26E-07	confidence	0	1
1772-062-249_C08	173	268	73	Fluorescence-based	27.55429	16.01815	18.17492	11.44972	0.7466332	2.87E-07	2.25E-06	confidence	0	1
1772-062-249_C11	172	265	16	Fluorescence-based	33.0177	15.9808	152.02545	11.53524	3.60970952	2.41E-04	4.72E-04	confidence	0	1
1772-062-249_C12	180	232	49	Chip.Pattern-based	25.13512654	16.36028664	34.65193593	13.32044491	1.315904103	5.54648E-10	1.03802E-08	confidence	0	0
1772-062-249_D01	174	266	22	Fluorescence-based	127.8269778	16.05675068	123.819303	11.38792584	3.332834503	2.13567E-05	6.47047E-05	confidence	0	0
1772-062-249_D02	177	238	57	Fluorescence-based	53.24413985	16.01757533	94.67688998	11.46363482	2.940445626	2.61396E-11	6.70617E-10	confidence	0	0
1772-062-249_D03	159	268	49	Chip.Pattern-based	17.56118732	16.4894851	13.77012874	11.61504249	0.227537335	0.999999643	1	confidence	X = 176, Y = 266 (Green) | X = 24, Y = 10 (Red)	0
1772-062-249_D04	174	264	21	Fluorescence-based	31.81815	16.87307	94.43869	11.82962	2.89509524	3.19E-05	8.73E-05	confidence	0	1
1772-062-249_D05	175	231	21	Fluorescence-based	84.82186	16.26762	97.55954	11.72383	2.95346208	3.19E-05	8.73E-05	confidence	0	1
1772-062-249_D06	176	266	49	Chip.Pattern-based	18.19224504	15.96165061	12.72323874	11.63080405	0.178246911	0.999999996	1	confidence	0	0
1772-062-249_D07	176	234	17	Fluorescence-based	34.15191	15.83885	41.51425	11.60691	1.75373162	1.60E-04	3.29E-04	confidence	0	1
1772-062-249_D08	175	264	12	Fluorescence-based	37.02583	16.24495	37.94374	11.44067	1.64632735	2.44E-04	4.72E-04	confidence	0	1
1772-062-249_D09	177	236	35	Fluorescence-based	24.9332	16.0302	44.75592	11.43214	1.8798834	1.28E-07	1.29E-06	confidence	0	1
1772-062-249_D10	175	231	49	Chip.Pattern-based	18.0227628	15.99288189	11.98689813	11.24091496	0.162796247	0.999999998	1	confidence	0	0
1772-062-249_D11	176	263	26	Fluorescence-based	40.39844	16.28688	13.03959	11.46767	1.25989914	4.26E-06	1.91E-05	confidence	0	1
1772-062-249_D12	177	232	51	Fluorescence-based	40.1742	16.25465	11.99792	11.53723	1.2547556	2.58E-10	5.45E-09	confidence	0	1
1772-062-249_E01	176	263	20	Fluorescence-based	63.99327	16.3748	24.51793	11.62571	1.9032943	4.73E-05	1.19E-04	confidence	0	1
1772-062-249_E02	178	235	26	Fluorescence-based	18.76034	15.93373	24.78168	11.60887	1.03190791	9.69E-06	3.52E-05	confidence	X = 305, Y = 37 (Green) | X = 178, Y = 235 (Red)	1
1772-062-249_E03	176	263	49	Fluorescence-based	22.28082	16.06327	27.75284	11.34963	1.21923698	8.15E-06	3.26E-05	confidence	0	1
1772-062-249_E04	176	262	68	Fluorescence-based	43.58747	16.16985	37.73452	11.39224	1.6441827	3.81E-13	1.19E-11	confidence	0	1
1772-062-249_E05	179	230	49	Chip.Pattern-based	18.01563711	16.13942431	19.52745553	11.67820519	0.695204287	0.001603101	0.002644583	confidence	0	0
1772-062-249_E06	175	265	49	Chip.Pattern-based	21.73741	15.82758	17.59274	11.43253	0.58061942	4.13E-01	5.93E-01	confidence	0	1
1772-062-249_E08	180	267	49	Chip.Pattern-based	18.89047197	15.99569914	15.73830636	11.43411374	0.428849878	0.988993131	1	confidence	0	0
1772-062-249_E09	179	235	24	Fluorescence-based	107.84062	17.37853	83.44231	13.54247	2.56612363	9.67E-06	3.52E-05	confidence	0	1
1772-062-249_E10	178	230	18	Fluorescence-based	51.87385	17.2808	12.01287	11.78078	1.53222523	1.05E-04	2.36E-04	confidence	0	1
1772-062-249_E11	176	259	20	Fluorescence-based	98.22329	16.52117	41.57445	11.9315	2.50157949	4.76E-05	1.19E-04	confidence	0	1
1772-062-249_F01	178	264	25	Fluorescence-based	22.74394	16.66391	39.81424	11.7958	1.67340192	6.26E-06	2.64E-05	confidence	X = 300, Y = 402 (Green) | X = 178, Y = 264 (Red)	1
1772-062-249_F02	218	233	49	Chip.Pattern-based	18.71994659	16.39176593	12.69031333	11.70648059	0	1	1	outlier	0	0
1772-062-249_F03	186	265	49	Chip.Pattern-based	17.39054651	16.32682577	13.20778878	11.99348278	0.128893855	0.999999956	1	confidence	0	0
1772-062-249_F04	182	263	49	Chip.Pattern-based	27.07384418	18.79501622	42.87076307	22.11485008	0.924439795	8.13197E-10	1.44052E-08	confidence	0	0
1772-062-249_F05	178	230	79	Fluorescence-based	59.30026	16.31941	64.74797	11.73045	2.36866347	5.76E-15	2.52E-13	confidence	0	1
1772-062-249_F06	169	262	49	Chip.Pattern-based	16.78512108	16.813605	12.76521696	11.74136811	0.111507153	0.999999976	1	confidence	0	0
1772-062-249_F07	181	233	49	Fluorescence-based	20.42318	15.74723	19.36527	11.41269	0.71429465	1.56E-02	2.37E-02	confidence	X = 346, Y = 257 (Green) | X = 181, Y = 233 (Red)	1
1772-062-249_F08	178	262	31	Fluorescence-based	59.24299	15.66386	69.56807	11.222	2.5295352	6.12E-07	3.99E-06	confidence	0	1
1772-062-249_F09	181	230	49	Fluorescence-based	29.98133	15.40466	46.48204	10.9711	1.98782635	5.56E-10	1.04E-08	confidence	0	1
1772-062-249_F10	180	232	49	Chip.Pattern-based	52.17883	26.53511	113.28785	17.24721	2.64692416	5.72E-10	1.04E-08	confidence	X = 66, Y = 146 (Green) & X = 59, Y = 145 (Green) & X = 73, Y = 140 (Green) & X = 75, Y = 181 (Green) & X = 53, Y = 157 (Green) & X = 27, Y = 157 (Green) & X = 33, Y = 157 (Green) & X = 89, Y = 156 (Green) & X = 39, Y = 163 (Green) & X = 24, Y = 168 (Green) & X = 40, Y = 170 (Green) & X = 71, Y = 163 (Green) & X = 45, Y = 169 (Green) & X = 81, Y = 177 (Green) & X = 88, Y = 181 (Green) & X = 32, Y = 184 (Green) & X = 95, Y = 195 (Green) & X = 65, Y = 195 (Green) & X = 81, Y = 210 (Green)	1
1772-062-249_F11	176	258	16	Fluorescence-based	28.69305	16.04107	74.90001	11.58618	2.59225911	2.40E-04	4.72E-04	confidence	0	1
1772-062-249_F12	179	231	21	Fluorescence-based	110.81253	15.54549	78.3288	11.41215	2.75657188	3.17E-05	8.73E-05	confidence	0	1
1772-062-249_G01	179	263	36	Fluorescence-based	20.46079396	15.89406014	28.34356241	11.05051215	1.283949567	1.2136E-07	1.28988E-06	confidence	X = 179, Y = 323 (Green) | X = 179, Y = 263 (Red)	0
1772-062-249_G02	181	233	49	Chip.Pattern-based	20.30953	15.70006	19.27259	11.1912	0.73369105	5.09E-04	9.47E-04	confidence	0	1
1772-062-249_G03	179	261	20	Fluorescence-based	75.82697	15.92554	118.38272	11.34264	3.27387058	4.75E-05	1.19E-04	confidence	0	1
1772-062-249_G04	178	259	34	Fluorescence-based	23.4123559	16.75950963	39.93620872	12.11832885	1.641793548	1.87995E-07	1.75056E-06	confidence	0	0
1772-062-249_G05	177	226	21	Fluorescence-based	120.92046	15.89535	87.82351	11.27838	2.8548208	3.19E-05	8.73E-05	confidence	0	1
1772-062-249_G06	177	256	49	Fluorescence-based	17.3709	16.19969	34.03743	11.37288	1.50171604	8.32E-06	3.31E-05	confidence	X = 478, Y = 120 (Green) & X = 501, Y = 129 (Green) & X = 459, Y = 138 (Green) & X = 445, Y = 143 (Green)	1
1772-062-249_G07	182	231	28	Fluorescence-based	57.52744	16.59576	41.31575	12.00634	1.73388493	1.99E-06	1.05E-05	confidence	0	1
1772-062-249_G08	180	262	47	Fluorescence-based	30.22368	16.85274	76.0886	11.74019	2.5971305	1.22E-09	2.11E-08	confidence	0	1
1772-062-249_G09	181	232	18	Fluorescence-based	24.49143	16.52522	31.15051	11.86159	1.32177255	1.05E-04	2.36E-04	confidence	0	1
1772-062-249_G10	161	227	49	Chip.Pattern-based	17.42636291	16.61075042	12.59961587	11.9268739	0.073192471	0.999999986	1	confidence	0	0
1772-062-249_G11	176	254	49	Fluorescence-based	18.75093249	16.69897854	19.00771474	12.01137761	0.620782674	0.172867417	0.251197965	confidence	X = 138, Y = 302 (Green) | X = 176, Y = 254 (Red)	0
1772-062-249_G12	180	226	49	Fluorescence-based	21.10195	16.92854	36.89749	12.07272	1.5355428	3.16E-04	6.09E-04	confidence	0	1
1772-062-249_H01	181	262	39	Fluorescence-based	21.23483	16.49122	33.70675	11.86582	1.43167326	2.65E-08	3.18E-07	confidence	0	1
1772-062-249_H02	222	230	49	Chip.Pattern-based	18.13326681	16.57950986	13.36620678	11.83742116	0	1	1	outlier	0	0
1772-062-249_H03	178	261	62	Fluorescence-based	20.42662438	16.26686476	34.12391985	11.91056436	1.443901793	3.80599E-12	1.13266E-10	confidence	0	0
1772-062-249_H04	179	259	56	Fluorescence-based	38.61582	16.41727	46.89482	11.77888	1.90610838	3.75E-11	8.67E-10	confidence	0	1
1772-062-249_H05	180	228	35	Fluorescence-based	45.24172	16.23667	86.52738	11.86794	2.76595347	1.29E-07	1.29E-06	confidence	0	1
1772-062-249_H06	179	259	35	Fluorescence-based	21.98859	16.38398	37.86601	11.56552	1.62903861	1.29E-07	1.29E-06	confidence	0	1
1772-062-249_H07	180	230	27	Fluorescence-based	99.17462	16.34937	123.74247	11.5848	3.30919825	2.94E-06	1.40E-05	confidence	0	1
1772-062-249_H08	182	254	49	Fluorescence-based	17.38071298	16.25023495	21.27916312	11.48603211	0.83537996	0.001272466	0.002108497	confidence	X = 20, Y = 217 (Green) | X = 182, Y = 254 (Red)	0
1772-062-249_H09	195	230	49	Chip.Pattern-based	18.23319243	16.40115387	13.44063863	11.54119978	0.203459173	0.999999778	1	confidence	0	0
1772-062-249_H10	177	227	98	Fluorescence-based	47.90032683	16.02921161	43.02483534	11.46574519	1.820348479	4.11546E-18	2.55159E-16	confidence	0	0
1772-062-249_H11	172	259	49	Chip.Pattern-based	19.10153302	16.14704676	12.43411252	11.66727647	0.229345409	0.999999942	1	confidence	0	0
1772-062-249_H12	158	227	49	Chip.Pattern-based	16.94178092	16.58666667	12.76071906	11.8535155	0.098392862	0.999999993	1	confidence	0	0
1772-064-103_A01	211	266	15	Fluorescence-based	56.04244	25.8677	55.21789	14.76321	1.83446834	3.61E-04	6.79E-04	confidence	0	1
1772-064-103_A02	212	240	27	Fluorescence-based	144.1499415	24.9486229	164.3086063	14.2048584	3.44255755	2.95576E-06	1.39614E-05	confidence	0	0
1772-064-103_A03	214	271	22	Fluorescence-based	131.4012	25.10613	63.69222	14.5566	2.34245596	2.14E-05	6.47E-05	confidence	0	1
1772-064-103_A04	209	268	28	Fluorescence-based	110.64046	24.93083	228.28506	14.2345	3.91172785	2.00E-06	1.05E-05	confidence	0	1
1772-064-103_A05	209	236	38	Fluorescence-based	64.54201	25.20232	54.99944	14.45742	1.85711328	3.97E-08	4.50E-07	confidence	0	1
1772-064-103_A06	206	263	13	Fluorescence-based	118.39286	25.09496	129.59746	14.09461	3.11302153	8.25E-04	1.44E-03	confidence	0	1
1772-064-103_A07	213	231	15	Fluorescence-based	166.16427	26.39352	139.89669	14.80541	3.15614702	3.60E-04	6.79E-04	confidence	0	1
1772-064-103_A08	212	264	31	Fluorescence-based	140.38754	26.31977	96.56066	14.68165	2.63722179	6.14E-07	3.99E-06	confidence	0	1
1772-064-103_A09	211	236	12	Fluorescence-based	138.5019792	27.97735381	236.8127729	15.65378461	3.835904229	0.000244141	0.000471794	confidence	0	0
1772-064-103_A10	209	234	34	Fluorescence-based	137.51898	25.19892	173.25533	14.11572	3.52708164	1.91E-07	1.75E-06	confidence	0	1
1772-064-103_A11	208	264	27	Fluorescence-based	35.3312	24.93671	38.86422	14.30043	1.38152203	2.88E-06	1.40E-05	confidence	0	1
1772-064-103_A12	210	231	32	Fluorescence-based	134.06045	24.92	224.24747	14.15616	3.89353481	4.16E-07	3.19E-06	confidence	0	1
1772-064-103_B01	212	258	28	Fluorescence-based	72.54895	25.80471	276.38209	14.4717	4.16417081	2.00E-06	1.05E-05	confidence	0	1
1772-064-103_B02	214	231	18	Fluorescence-based	41.30931	25.91312	94.70722	14.36418	2.63905703	1.07E-04	2.36E-04	confidence	0	1
1772-064-103_B03	211	261	21	Fluorescence-based	243.41151	26.2947	202.51647	14.83128	3.68429581	3.20E-05	8.73E-05	confidence	0	1
1772-064-103_B04	207	258	13	Fluorescence-based	40.16078	24.95473	32.52699	14.05363	1.15521143	1.05E-03	1.81E-03	confidence	0	1
1772-064-103_B05	207	227	25	Fluorescence-based	78.53062	24.87055	237.9199	14.07261	3.98652594	6.52E-06	2.64E-05	confidence	0	1
1772-064-103_B06	205	255	18	Fluorescence-based	62.27344	24.93053	164.4808	13.90977	3.47233347	1.07E-04	2.36E-04	confidence	0	1
1772-064-103_B07	213	225	14	Fluorescence-based	49.65817	24.81978	113.00643	14.22933	2.90419081	5.47E-04	9.81E-04	confidence	0	1
1772-064-103_B08	211	257	18	Fluorescence-based	172.15131	25.24103	18.54121	14.1895	2.72213692	1.07E-04	2.36E-04	confidence	X = 211, Y = 257 (Green) | X = 82, Y = 446 (Red)	1
1772-064-103_B09	215	229	28	Fluorescence-based	126.2805147	24.79609837	15.39229539	14.32325622	2.302786794	1.99301E-06	1.04799E-05	confidence	X = 215, Y = 229 (Green) | X = 504, Y = 410 (Red)	0
1772-064-103_B10	208	225	19	Fluorescence-based	197.74708	25.00931	147.53874	14.09305	3.29888326	7.14E-05	1.69E-04	confidence	0	1
1772-064-103_B11	206	253	49	Fluorescence-based	29.41563255	24.95714863	19.83615075	14.05371232	0.468969474	0.955513494	1	confidence	X = 206, Y = 253 (Green) | X = 14, Y = 492 (Red)	0
1772-064-103_B12	208	222	13	Fluorescence-based	352.72939	24.82604	306.20621	14.00853	4.35535278	8.28E-04	1.44E-03	confidence	0	1
1772-064-103_C01	214	251	24	Fluorescence-based	86.75405882	25.55958505	199.4926958	14.58105003	3.685685311	9.65442E-06	3.52102E-05	confidence	0	0
1772-064-103_C02	214	224	26	Fluorescence-based	43.66021	24.77415	61.98607	14.28484	2.04293156	5.55E-06	2.40E-05	confidence	0	1
1772-064-103_C03	212	252	12	Fluorescence-based	44.13316	24.98685	67.06715	14.07865	2.17445177	2.44E-04	4.72E-04	confidence	0	1
1772-064-103_C04	208	251	17	Fluorescence-based	36.87862	24.6366	55.37528	14.06686	1.90368426	1.60E-04	3.29E-04	confidence	0	1
1772-064-103_C05	209	218	12	Fluorescence-based	38.54414	24.78826	27.81638	14.23022	0.9199522	3.38E-03	5.33E-03	confidence	0	1
1772-064-103_C06	209	248	34	Fluorescence-based	46.0522	24.98484	79.84107	14.11425	2.41917879	1.89E-07	1.75E-06	confidence	0	1
1772-064-103_C07	215	215	33	Fluorescence-based	35.81524	24.5902	81.77064	13.97989	2.466092	2.80E-07	2.23E-06	confidence	0	1
1772-064-103_C08	212	250	42	Fluorescence-based	86.3858118	24.93639597	120.4341202	14.44035835	2.975395701	8.50899E-09	1.15509E-07	confidence	0	0
1772-064-103_C09	214	221	8	Fluorescence-based	40.28872489	24.95015078	143.8031629	14.25083416	3.247133055	0.00390625	0.006118421	confidence	0	0
1772-064-103_C10	211	217	17	Fluorescence-based	121.73277	25.17975	258.76905	14.00251	4.11395387	1.59E-04	3.29E-04	confidence	0	1
1772-064-103_C11	207	244	16	Fluorescence-based	59.81292	25.00982	117.83066	13.84292	3.00106048	2.41E-04	4.72E-04	confidence	0	1
1772-064-103_C12	211	212	22	Fluorescence-based	111.67776	25.13684	16.11377	13.90431	2.10804621	2.13E-05	6.47E-05	confidence	0	1
1772-064-103_D01	214	243	18	Fluorescence-based	149.3475	25.66316	18.60758	14.42976	2.49538133	1.06E-04	2.36E-04	confidence	X = 214, Y = 243 (Green) | X = 5, Y = 175 (Red)	1
1772-064-103_D02	216	214	24	Fluorescence-based	104.27568	25.33282	137.13077	14.34575	3.17012418	9.70E-06	3.52E-05	confidence	0	1
1772-064-103_D03	215	244	25	Fluorescence-based	119.45338	25.17855	72.97664	15.07594	2.20216704	6.46E-06	2.64E-05	confidence	0	1
1772-064-103_D04	211	246	49	Chip.Pattern-based	30.33127314	24.65726696	17.22478197	14.2905401	0.288235893	0.999998324	1	confidence	X = 223, Y = 96 (Green) | X = 24, Y = 470 (Red)	0
1772-064-103_D05	212	207	26	Fluorescence-based	87.19469	24.8951	128.33267	14.11105	3.09741079	4.39E-06	1.91E-05	confidence	0	1
1772-064-103_D06	208	239	19	Fluorescence-based	59.05669	25.18732	163.54273	14.08881	3.44691116	7.13E-05	1.69E-04	confidence	0	1
1772-064-103_D07	218	209	21	Fluorescence-based	240.85145	25.45876	200.28384	14.63656	3.68623639	3.19E-05	8.73E-05	confidence	0	1
1772-064-103_D08	219	243	20	Fluorescence-based	30.64459048	25.35852551	94.14318584	15.11852131	2.561380935	4.75777E-05	0.000119286	confidence	X = 419, Y = 495 (Green) | X = 219, Y = 243 (Red)	0
1772-064-103_D09	217	213	19	Fluorescence-based	36.84517075	25.10719611	90.7489153	14.37462461	2.577139916	7.11772E-05	0.000168638	confidence	0	0
1772-064-103_D10	211	207	27	Fluorescence-based	54.9045	24.93815	119.33026	14.44103	2.96215865	2.96E-06	1.40E-05	confidence	0	1
1772-064-103_D11	212	238	22	Fluorescence-based	74.52169	24.61918	44.3439	14.15919	1.58071609	2.13E-05	6.47E-05	confidence	0	1
1772-064-103_D12	212	206	28	Fluorescence-based	37.3643	24.83599	47.52547	14.50151	1.64633318	1.97E-06	1.05E-05	confidence	0	1
1772-064-103_E01	218	238	12	Fluorescence-based	57.05806	25.34761	152.72255	14.34283	3.32469219	1.26E-03	2.09E-03	confidence	0	1
1772-064-103_E02	217	206	12	Fluorescence-based	218.31216	25.3986	260.55212	14.79263	4.04977535	1.26E-03	2.09E-03	confidence	0	1
1772-064-103_E03	219	241	46	Fluorescence-based	39.77624702	25.69916469	17.99293587	15.24622294	0.610934392	0.01116024	0.017084812	confidence	X = 219, Y = 241 (Green) | X = 481, Y = 69 (Red)	0
1772-064-103_E04	206	238	30	Fluorescence-based	160.66606	25.04195	18.97714	14.36405	2.63410745	9.08E-07	5.64E-06	confidence	0	1
1772-064-103_E05	217	202	28	Fluorescence-based	74.24425	24.76408	16.6511	14.24115	1.54622005	1.98E-06	1.05E-05	confidence	0	1
1772-064-103_E06	212	234	17	Fluorescence-based	42.8867	26.38476	47.60095	14.4519	1.65319979	1.59E-04	3.29E-04	confidence	0	1
1772-064-103_E08	222	235	29	Fluorescence-based	166.2199889	26.64684865	16.60048007	16.18202821	2.596560364	1.34576E-06	7.82222E-06	confidence	X = 222, Y = 235 (Green) | X = 145, Y = 433 (Red)	0
1772-064-103_E09	223	203	33	Fluorescence-based	117.4701891	25.70913477	217.5977631	16.02124124	3.682870487	2.8136E-07	2.23156E-06	confidence	0	0
1772-064-103_E10	217	198	23	Fluorescence-based	46.1834	24.55976	108.08981	13.90953	2.87120953	1.44E-05	4.88E-05	confidence	0	1
1772-064-103_E11	216	230	33	Fluorescence-based	82.92167244	24.73076502	102.5706393	14.08874607	2.779070257	2.80486E-07	2.23156E-06	confidence	0	0
1772-064-103_F01	221	229	9	Fluorescence-based	35.16676823	24.94057718	85.9289606	14.55698546	2.482274364	0.004545349	0.007045291	confidence	X = 10, Y = 237 (Green) | X = 221, Y = 229 (Red)	0
1772-064-103_F02	222	200	31	Fluorescence-based	39.72221	25.67494	69.99391	14.16388	2.22705653	6.13E-07	3.99E-06	confidence	0	1
1772-064-103_F05	216	196	24	Fluorescence-based	48.02818	24.54937	95.78793	13.86201	2.70319795	9.68E-06	3.52E-05	confidence	0	1
1772-064-103_F06	217	226	14	Fluorescence-based	133.52308	24.7347	216.63073	14.01494	3.85741145	5.45E-04	9.81E-04	confidence	0	1
1772-067-038_A01	171	281	17	Fluorescence-based	37.92926	22.58029	51.09841	13.15817	1.879605	1.57E-04	3.29E-04	confidence	0	1
1772-067-038_A02	172	251	24	Fluorescence-based	409.22872	22.7765	139.09304	13.13108	4.10882	9.67E-06	3.52E-05	confidence	0	1
1772-067-038_A03	177	286	22	Fluorescence-based	38.11381	22.78059	64.05029	13.25325	2.19026485	2.14E-05	6.47E-05	confidence	0	1
1772-067-038_A04	165	286	16	Fluorescence-based	60.26208	22.73695	61.7218	13.29747	2.13320648	2.40E-04	4.72E-04	confidence	0	1
1772-067-038_A05	163	252	49	Chip.Pattern-based	24.74170007	22.7581626	14.11541586	13.19133076	0.115684072	0.999999999	1	confidence	0	0
1772-067-038_A06	163	281	49	Chip.Pattern-based	22.89043762	22.76668552	14.79765083	13.14291825	0.159630204	0.999999985	1	confidence	0	0
1772-067-038_A07	168	246	11	Fluorescence-based	32.10303	22.76881	34.697	13.31745	1.31802823	1.89E-03	3.10E-03	confidence	0	1
1772-067-038_A08	168	279	31	Fluorescence-based	45.7972	22.78189	154.08241	13.27552	3.44142022	6.13E-07	3.99E-06	confidence	0	1
1772-067-038_A09	174	249	14	Fluorescence-based	247.225	23.07994	150.74545	13.40055	3.39745797	5.41E-04	9.81E-04	confidence	0	1
1772-067-038_A10	161	247	15	Fluorescence-based	40.9882	23.21305	37.40808	12.96968	1.45911109	3.62E-04	6.79E-04	confidence	0	1
1772-067-038_A11	159	277	26	Fluorescence-based	33.52328	22.91219	97.76044	13.38249	2.77961945	4.39E-06	1.91E-05	confidence	0	1
1772-067-038_A12	160	245	24	Fluorescence-based	161.82927	22.96314	212.22951	13.14459	3.91408485	9.67E-06	3.52E-05	confidence	0	1
1772-067-038_B01	170	274	21	Fluorescence-based	83.83319	22.67653	19.93947	12.99301	1.84117119	3.19E-05	8.73E-05	confidence	0	1
1772-067-038_B02	169	246	25	Fluorescence-based	37.31572	22.56073	73.60443	13.25664	2.38762692	6.49E-06	2.64E-05	confidence	0	1
1772-067-038_B03	170	277	11	Fluorescence-based	182.37411	23.08547	16.26006	13.37225	2.92855468	1.91E-03	3.13E-03	confidence	0	1
1772-067-038_B04	160	274	18	Fluorescence-based	122.44692	22.97744	188.40504	13.1191	3.7457544	1.07E-04	2.36E-04	confidence	0	1
1772-067-038_B05	160	238	20	Fluorescence-based	154.30703	23.05661	16.35426	13.10018	2.6906182	4.74E-05	1.19E-04	confidence	X = 160, Y = 238 (Green) | X = 475, Y = 503 (Red)	1
1772-067-038_B06	159	269	13	Fluorescence-based	233.52024	22.78408	19.27068	12.95991	3.30164431	8.28E-04	1.44E-03	confidence	0	1
1772-067-038_B07	167	239	19	Fluorescence-based	29.16408	22.56198	39.43791	13.4031	1.48932956	7.07E-05	1.69E-04	confidence	X = 280, Y = 222 (Green) | X = 167, Y = 239 (Red)	1
1772-067-038_B08	167	273	49	Chip.Pattern-based	23.93120273	22.75970853	13.25305627	13.40706459	0.069435345	0.999999999	1	confidence	0	0
1772-067-038_B09	169	243	22	Fluorescence-based	133.92362	23.07794	103.70867	13.31846	2.87043265	2.13E-05	6.47E-05	confidence	0	1
1772-067-038_B10	159	240	49	Chip.Pattern-based	23.88997155	22.74479804	13.69940993	13.32583066	0.067953096	0.999999999	1	confidence	0	0
1772-067-038_B11	159	270	22	Fluorescence-based	170.2798188	22.69302134	46.6279368	13.20255117	2.853821086	2.13816E-05	6.47047E-05	confidence	0	0
1772-067-038_B12	160	236	22	Fluorescence-based	54.69395	22.70411	237.90276	13.25894	4.0664845	2.15E-05	6.47E-05	confidence	0	1
1772-067-038_C01	166	267	15	Fluorescence-based	33.78772	22.7067	87.69288	13.36091	2.62667135	3.61E-04	6.79E-04	confidence	0	1
1772-067-038_C02	169	237	39	Fluorescence-based	42.39635	22.66194	103.64114	13.17783	2.8837412	2.72E-08	3.21E-07	confidence	0	1
1772-067-038_C03	169	271	33	Fluorescence-based	106.10207	22.55846	14.12524	13.29464	2.18466933	2.81E-07	2.23E-06	confidence	0	1
1772-067-038_C04	160	268	49	Chip.Pattern-based	24.92657146	22.3374378	18.46980877	13.17948451	0.457433629	0.994438681	1	confidence	0	0
1772-067-038_C05	158	234	27	Fluorescence-based	71.73662	22.6598	126.52492	12.99262	3.18804119	2.95E-06	1.40E-05	confidence	0	1
1772-067-038_C06	160	266	10	Fluorescence-based	140.5589189	22.55162718	13.32928619	13.09460852	2.587504005	0.002944635	0.004673551	confidence	0	0
1772-067-038_C07	167	233	13	Fluorescence-based	28.24992	22.57743	28.79882	13.26033	1.06324736	8.20E-04	1.44E-03	confidence	0	1
1772-067-038_C08	170	266	49	Chip.Pattern-based	23.19864335	22.51179148	13.43727911	13.46176556	0.041541698	0.999999999	1	confidence	X = 420, Y = 153 (Green) | X = 418, Y = 462 (Red)	0
1772-067-038_C09	167	232	12	Fluorescence-based	93.04671	22.31048	310.67964	13.34214	4.4417313	1.25E-03	2.09E-03	confidence	0	1
1772-067-038_C10	158	232	49	Chip.Pattern-based	27.99667215	22.80825537	15.48589971	13.23489686	0.284425431	0.999999808	1	confidence	0	0
1772-067-038_C11	158	262	28	Fluorescence-based	44.68578	22.6503	105.48542	13.24879	2.90174459	1.99E-06	1.05E-05	confidence	0	1
1772-067-038_C12	160	229	14	Fluorescence-based	220.99666	22.62698	190.50259	13.41404	3.7318172	5.47E-04	9.81E-04	confidence	0	1
1772-067-038_D01	165	258	16	Fluorescence-based	151.87027	22.98517	159.12273	13.47342	3.46770044	2.40E-04	4.72E-04	confidence	0	1
1772-067-038_D02	166	228	20	Fluorescence-based	98.02313	22.91093	21.56108	13.36682	2.05009531	4.76E-05	1.19E-04	confidence	0	1
1772-067-038_D03	166	262	17	Fluorescence-based	65.01464	22.47498	140.66438	13.29664	3.30872933	1.60E-04	3.29E-04	confidence	0	1
1772-067-038_D04	161	258	23	Fluorescence-based	181.01485	22.93713	87.74213	13.35222	2.92673374	1.43E-05	4.88E-05	confidence	0	1
1772-067-038_D05	136	237	49	Chip.Pattern-based	24.10924156	22.44700446	15.4773229	13.07003897	0.22785554	0.999999959	1	confidence	0	0
1772-067-038_D06	157	255	13	Fluorescence-based	60.69359149	22.69922804	355.3409326	13.52453299	4.616694532	0.000828124	0.001439542	confidence	0	0
1772-067-038_D07	165	221	20	Fluorescence-based	124.01004	22.88544	45.54733	13.30501	2.38784049	9.54E-07	5.86E-06	confidence	0	1
1772-067-038_D08	166	256	49	Fluorescence-based	26.00123	22.81566	32.51909	13.09588	1.24970961	6.19E-04	1.10E-03	confidence	0	1
1772-067-038_D09	169	227	20	Fluorescence-based	242.76206	22.61525	208.94722	13.37962	3.86792946	4.76E-05	1.19E-04	confidence	0	1
1772-067-038_D10	159	222	22	Fluorescence-based	36.55083	22.39677	91.19199	13.13816	2.70504665	2.14E-05	6.47E-05	confidence	0	1
1772-067-038_D11	160	254	18	Fluorescence-based	33.46753	22.7781	99.24291	13.17252	2.82233204	3.81E-06	1.78E-05	confidence	0	1
1772-067-038_D12	159	219	26	Fluorescence-based	93.66054277	22.55864844	154.0057061	13.38107593	3.430077804	4.3945E-06	1.91359E-05	confidence	0	0
1772-067-038_E01	172	250	24	Fluorescence-based	34.76121	22.50753	67.63681	13.17673	2.27545771	9.64E-06	3.52E-05	confidence	0	1
1772-067-038_E02	171	219	12	Fluorescence-based	228.4862	22.57745	118.31524	13.2718	3.28292774	2.44E-04	4.72E-04	confidence	0	1
1772-067-038_E03	171	247	17	Fluorescence-based	124.76138	22.21255	15.49195	13.10096	2.43771196	1.60E-04	3.29E-04	confidence	0	1
1772-067-038_E04	162	244	49	Fluorescence-based	28.34353332	22.61376104	26.75483908	12.96839868	0.990572687	6.56332E-05	0.000161159	confidence	0	0
1772-067-038_E05	164	215	16	Fluorescence-based	31.22114654	22.52219034	41.55778858	13.22388522	1.581107598	0.000238579	0.000471794	confidence	0	0
1772-067-038_E06	163	246	11	Fluorescence-based	29.5680356	22.63170075	53.13153801	13.1914475	1.93144763	0.001902477	0.003124598	confidence	X = 268, Y = 154 (Green) | X = 163, Y = 246 (Red)	0
1772-067-038_E07	168	214	12	Fluorescence-based	419.90577	22.50028	388.11993	13.00065	4.79664927	2.44E-04	4.72E-04	confidence	0	1
1772-067-038_E08	169	242	19	Fluorescence-based	37.62858	22.54269	130.56145	13.10142	3.22182478	1.91E-06	1.05E-05	confidence	0	1
1772-067-038_E09	170	213	22	Fluorescence-based	35.22127	22.54864	47.6527	12.94593	1.80267617	2.13E-05	6.47E-05	confidence	0	1
1772-067-038_E10	163	209	49	Chip.Pattern-based	23.69776502	22.42096259	12.78095147	13.12188686	0.076580122	0.999999999	1	confidence	0	0
1772-067-038_E11	163	245	21	Fluorescence-based	216.66344	22.86937	201.27805	12.87588	3.86568901	3.19E-05	8.73E-05	confidence	0	1
1772-067-038_E12	163	210	28	Fluorescence-based	51.99081	22.32151	157.11462	13.02966	3.49441888	2.00E-06	1.05E-05	confidence	0	1
1772-067-038_F01	169	243	30	Fluorescence-based	32.71213	22.43323	111.29976	13.02233	3.00155711	9.06E-07	5.64E-06	confidence	0	1
1772-067-038_F02	168	210	17	Fluorescence-based	32.21833	22.19447	81.79177	13.21516	2.54205681	1.60E-04	3.29E-04	confidence	0	1
1772-067-038_F03	170	238	17	Fluorescence-based	35.87684	22.58735	119.47615	12.90597	3.11497162	1.60E-04	3.29E-04	confidence	0	1
1772-067-038_F04	163	236	12	Fluorescence-based	63.81517513	22.45595718	147.0746249	13.14923305	3.387528671	0.000244141	0.000471794	confidence	0	0
1772-067-038_F05	161	204	23	Fluorescence-based	34.29532	22.82945	82.65305	13.12823	2.5658377	1.43E-05	4.88E-05	confidence	0	1
1772-067-038_F06	162	241	29	Fluorescence-based	44.97201708	22.51635669	96.20327967	13.02399015	2.793108104	1.33496E-06	7.82222E-06	confidence	0	0
1772-067-038_F07	169	206	17	Fluorescence-based	37.005	22.09593	47.19533	13.12768	1.77036901	1.59E-04	3.29E-04	confidence	0	1
1772-067-038_F08	169	235	27	Fluorescence-based	37.15058	22.27234	145.38036	12.82433	3.40444097	2.96E-06	1.40E-05	confidence	0	1
1772-067-038_F09	172	202	49	Chip.Pattern-based	26.91734061	22.61020865	14.73286058	12.8728683	0.241750727	0.999999955	1	confidence	0	0
1772-067-038_F10	164	198	12	Fluorescence-based	137.11177	22.72639	264.69787	13.48381	4.19727359	2.44E-04	4.72E-04	confidence	0	1
1772-067-038_F11	162	234	24	Fluorescence-based	95.43729	22.49646	165.29454	12.99101	3.57116855	9.61E-06	3.52E-05	confidence	0	1
1772-067-038_F12	165	202	49	Chip.Pattern-based	23.28347902	22.48750692	14.96882002	13.22164182	0.167169685	0.999999988	1	confidence	0	0
1772-067-038_G01	170	232	29	Fluorescence-based	77.33304	22.37296	14.04826	12.97821	1.74478085	1.33E-06	7.82E-06	confidence	0	1
1772-067-038_G02	168	199	8	Fluorescence-based	46.04994	22.39701	118.64619	12.91343	3.10422398	3.91E-03	6.12E-03	confidence	0	1
1772-067-038_G03	164	232	20	Fluorescence-based	226.20188	22.97335	18.27331	13.08987	3.24447153	4.75E-05	1.19E-04	confidence	0	1
1772-067-038_G04	163	222	15	Fluorescence-based	253.96058	22.46773	118.81636	12.94478	3.44152369	3.05E-05	8.73E-05	confidence	0	1
1772-067-038_G05	160	194	18	Fluorescence-based	51.14284	22.69444	44.30135	13.03767	1.69025095	1.06E-04	2.36E-04	confidence	0	1
1772-067-038_G06	161	224	9	Fluorescence-based	30.8916499	22.32546853	58.4639534	13.22446544	2.063640946	0.004514955	0.007027462	confidence	0	0
1772-067-038_G07	171	195	49	Chip.Pattern-based	24.81997657	22.52247629	14.01254626	13.0440508	0.134447746	0.999999999	1	confidence	0	0
1772-067-038_G08	168	225	11	Fluorescence-based	33.06415	22.70176	146.17595	13.08722	3.38508291	1.92E-03	3.13E-03	confidence	0	1
1772-067-038_G09	172	191	12	Fluorescence-based	223.1217206	22.40942541	242.1785411	13.09172909	4.109095376	0.001258248	0.002089591	confidence	0	0
1772-067-038_G10	165	188	49	Chip.Pattern-based	23.94494204	22.42228113	13.76768672	12.91595885	0.090865728	0.999999999	1	confidence	0	0
1772-067-038_G11	164	222	25	Fluorescence-based	37.6365799	22.53633947	50.04291318	12.90877121	1.875715702	6.51765E-06	2.6354E-05	confidence	0	0
1772-067-038_G12	164	192	49	Chip.Pattern-based	23.46445382	22.61229962	14.08274825	13.12066128	0.095091675	0.999999918	1	confidence	0	0
1772-067-038_H01	168	218	10	Fluorescence-based	131.0843592	22.53232372	201.4523517	12.97395627	3.856769966	0.002944635	0.004673551	confidence	0	0
1772-067-038_H02	170	187	10	Fluorescence-based	102.70238	22.64428	174.92104	13.1964	3.63133111	2.94E-03	4.67E-03	confidence	0	1
1772-067-038_H03	168	215	16	Fluorescence-based	32.50004	22.43141	79.09885	13.3471	2.4810219	2.41E-04	4.72E-04	confidence	0	1
1772-067-038_H04	160	214	30	Fluorescence-based	205.371	22.51949	196.42558	13.01504	3.81626125	9.08E-07	5.64E-06	confidence	0	1
1772-067-038_H05	161	184	26	Fluorescence-based	198.16419	22.53638	110.65286	13.1686	3.08099366	4.38E-06	1.91E-05	confidence	0	1
1772-067-038_H06	162	217	29	Fluorescence-based	74.34154	22.56782	109.68852	12.94464	2.98872323	1.34E-06	7.82E-06	confidence	0	1
1772-067-038_H07	169	183	49	Fluorescence-based	30.60924	22.75338	19.93775	13.10309	0.57009541	3.94E-01	5.67E-01	confidence	0	1
1772-067-038_H08	171	213	49	Chip.Pattern-based	24.83038495	22.44418295	14.04533375	13.12574333	0.139839143	0.999999999	1	confidence	0	0
1772-067-038_H09	170	179	49	Chip.Pattern-based	25.68630635	22.77381756	14.44066799	13.24554989	0.166726049	0.999999999	1	confidence	0	0
1772-067-038_H10	162	178	49	Chip.Pattern-based	23.5886102	22.52936651	14.99839592	13.22160279	0.169843193	0.999999982	1	confidence	X = 418, Y = 287 (Green) | X = 503, Y = 102 (Red)	0
1772-067-038_H11	160	211	21	Fluorescence-based	121.9358556	22.37456324	184.108488	12.75498113	3.750344985	3.19759E-05	8.72544E-05	confidence	0	0
1772-067-038_H12	161	179	14	Fluorescence-based	324.2749	22.41665	267.15492	13.1375	4.24546786	5.45E-04	9.81E-04	confidence	0	1
1772-067-039_A01	184	237	49	Chip.Pattern-based	27.43321	22.78694	16.47113	13.21692	0.29736373	1.00E+00	1.00E+00	confidence	0	1
1772-067-039_A02	195	250	49	Chip.Pattern-based	27.92006	22.47199976	16.83399972	13.1509469	0.333731707	0.99972442	1	confidence	0	0
1772-067-039_A03	184	237	49	Chip.Pattern-based	25.16966419	22.5906492	14.94607408	13.01076832	0.186665204	0.999999987	1	confidence	0	0
1772-067-039_A04	191	277	12	Fluorescence-based	62.90528	25.21077	232.92213	13.8118	3.98120954	1.25E-03	2.09E-03	confidence	X = 128, Y = 358 (Green) | X = 191, Y = 277 (Red)	1
1772-067-039_A05	183	206	49	Chip.Pattern-based	26.29091	22.75685	14.15733	12.88164	0.20007669	1.00E+00	1.00E+00	confidence	0	1
1772-067-039_A06	187	274	49	Chip.Pattern-based	22.52412216	22.61580852	14.44325967	12.83520681	0.15863309	0.999999976	1	confidence	0	0
1772-067-039_A07	188	240	14	Fluorescence-based	43.92477	22.51193	203.43355	13.02493	3.86556649	5.41E-04	9.81E-04	confidence	0	1
1772-067-039_A08	188	275	49	Chip.Pattern-based	22.31210125	22.60992801	14.13464296	12.90510168	0.122240346	0.999999919	1	confidence	0	0
1772-067-039_A09	189	242	20	Fluorescence-based	58.43217	22.46639	126.34945	12.99185	3.18613461	4.74E-05	1.19E-04	confidence	0	1
1772-067-039_A10	186	241	17	Fluorescence-based	150.29806	22.91325	218.67237	12.93295	3.97878034	1.60E-04	3.29E-04	confidence	0	1
1772-067-039_A11	185	271	25	Fluorescence-based	241.01376	22.24477	13.85992	12.97556	3.3801109	6.49E-06	2.64E-05	confidence	0	1
1772-067-039_A12	184	238	49	Chip.Pattern-based	23.69075026	22.3769265	14.43525676	12.9629659	0.144624062	0.999999978	1	confidence	0	0
1772-067-039_B01	173	258	49	Chip.Pattern-based	23.80751351	22.38694885	13.51547116	12.92390925	0.085073485	0.999999999	1	confidence	X = 234, Y = 135 (Green) | X = 496, Y = 246 (Red)	0
1772-067-039_B02	183	239	14	Fluorescence-based	188.84385	22.41802	268.22725	13.09488	4.25558166	5.45E-04	9.81E-04	confidence	0	1
1772-067-039_B03	188	271	27	Fluorescence-based	210.10729	22.27827	182.35107	12.82053	3.72972371	2.96E-06	1.40E-05	confidence	0	1
1772-067-039_B04	182	264	19	Fluorescence-based	36.0536916	22.30561724	57.15143337	12.77498524	2.07776398	7.1288E-05	0.000168638	confidence	0	0
1772-067-039_B05	181	232	21	Fluorescence-based	69.23576	22.40482	41.00147	13.07111	1.58540001	3.17E-05	8.73E-05	confidence	0	1
1772-067-039_B06	167	254	49	Chip.Pattern-based	24.02091547	22.44009007	14.11743401	12.89840204	0.121294262	0.999999994	1	confidence	0	0
1772-067-039_B07	185	232	20	Fluorescence-based	38.2343	22.57067	100.93133	13.16639	2.84705373	4.77E-05	1.19E-04	confidence	0	1
1772-067-039_B08	160	266	49	Chip.Pattern-based	22.62948795	22.38907826	14.19596652	12.78212079	0.140890532	0.999999934	1	confidence	X = 172, Y = 87 (Green) | X = 183, Y = 262 (Red)	0
1772-067-039_B09	183	235	15	Fluorescence-based	33.50182	22.3887	35.99461	13.1418	1.38734885	3.61E-04	6.79E-04	confidence	0	1
1772-067-039_B10	188	229	49	Chip.Pattern-based	23.52062775	22.40421972	14.63498322	12.94783341	0.164736633	0.999999905	1	confidence	0	0
1772-067-039_B11	178	263	49	Chip.Pattern-based	22.87289011	22.35008373	14.6189377	13.0548357	0.152229745	0.999999971	1	confidence	0	0
1772-067-039_B12	181	228	17	Fluorescence-based	46.69924857	22.27633976	76.6303764	12.89967074	2.481570575	0.000159593	0.000329279	confidence	0	0
1772-067-039_C01	156	261	49	Chip.Pattern-based	22.60714379	22.33846653	14.4514108	13.13404286	0.128564382	0.999999971	1	confidence	0	0
1772-067-039_C02	160	228	49	Chip.Pattern-based	23.62205471	22.44879932	14.74909773	13.18594796	0	1	1	outlier	0	0
1772-067-039_C03	183	264	49	Chip.Pattern-based	23.32201753	22.17147958	14.99096356	12.99441931	0.192405249	0.999999974	1	confidence	0	0
1772-067-039_C04	180	254	17	Fluorescence-based	46.85108	22.4504	38.37359	13.06237	1.48538832	1.59E-04	3.29E-04	confidence	0	1
1772-067-039_C05	138	222	49	Chip.Pattern-based	23.29800157	22.2686459	13.6799006	12.85615406	0	1	1	outlier	0	0
1772-067-039_C06	188	256	49	Chip.Pattern-based	26.888301	22.46001794	17.39270825	12.96778435	0.397030736	0.992631162	1	confidence	0	0
1772-067-039_C07	187	221	51	Fluorescence-based	85.34104	26.21168	19.53976	16.6794	1.66582024	2.62E-10	5.45E-09	confidence	0	1
1772-067-039_C08	181	253	16	Fluorescence-based	34.64247	22.33135	138.66327	12.99413	3.31905898	2.40E-04	4.72E-04	confidence	0	1
1772-067-039_C09	149	225	49	Chip.Pattern-based	23.56833075	22.44539502	15.31322095	13.04586276	0	1	1	outlier	X = 186, Y = 225 (Green) | X = 169, Y = 499 (Red)	0
1772-067-039_C10	180	222	17	Fluorescence-based	127.8437	22.63631	152.54096	13.09774	3.44508768	1.60E-04	3.29E-04	confidence	0	1
1772-067-039_C11	177	252	31	Fluorescence-based	117.68836	22.47922	176.66574	13.06748	3.65872944	6.15E-07	3.99E-06	confidence	0	1
1772-067-039_C12	181	218	49	Fluorescence-based	27.75239	22.36572	33.80194	12.81866	1.33254992	6.50E-06	2.64E-05	confidence	0	1
1772-067-039_D01	184	250	33	Fluorescence-based	110.45366	22.384	147.57216	13.09997	3.39740008	2.81E-07	2.23E-06	confidence	0	1
1772-067-039_D02	185	219	22	Fluorescence-based	136.951	22.58579	98.90393	13.17549	2.81714274	2.13E-05	6.47E-05	confidence	0	1
1772-067-039_D03	185	251	16	Fluorescence-based	159.36116	22.22023	133.91817	13.12313	3.25595323	2.34E-04	4.72E-04	confidence	0	1
1772-067-039_D04	160	248	49	Chip.Pattern-based	24.0825162	22.41943084	14.48010179	12.98884622	0.146137982	0.999997546	1	confidence	0	0
1772-067-039_D05	183	212	49	Fluorescence-based	28.23855887	22.5630981	13.76165018	13.32480033	0.311342966	0.999490398	1	confidence	0	0
1772-067-039_D06	155	234	49	Chip.Pattern-based	23.95037977	22.47283496	14.10868086	12.88529711	0.121819656	0.999999998	1	confidence	0	0
1772-067-039_D07	180	214	22	Fluorescence-based	121.89128	22.39121	16.38983	13.25626	2.39334407	2.12E-05	6.47E-05	confidence	0	1
1772-067-039_D08	184	247	25	Fluorescence-based	31.66906	22.49359	89.72411	12.99337	2.69674241	6.44E-06	2.64E-05	confidence	0	1
1772-067-039_D09	147	216	49	Chip.Pattern-based	23.33359236	22.33034432	15.04107155	13.15416671	0	1	1	outlier	0	0
1772-067-039_D10	179	213	25	Fluorescence-based	40.10624	22.34275	94.69838	12.85048	2.78855862	6.50E-06	2.64E-05	confidence	0	1
1772-067-039_D11	180	242	22	Fluorescence-based	29.38444	22.49714	42.38305	13.03622	1.62797706	2.13E-05	6.47E-05	confidence	0	1
1772-067-039_D12	175	207	18	Fluorescence-based	188.47049	22.37718	13.40972	13.21601	3.01880015	1.07E-04	2.36E-04	confidence	0	1
1772-067-039_E01	180	244	20	Fluorescence-based	140.35395	22.2368	321.26893	13.05626	4.51898055	4.78E-05	1.19E-04	confidence	0	1
1772-067-039_E02	181	210	18	Fluorescence-based	180.36762	21.68398	194.56226	12.92029	3.81236636	1.06E-04	2.36E-04	confidence	0	1
1772-067-039_E03	183	242	49	Chip.Pattern-based	23.67659392	21.92834115	13.42135984	12.927898	0.106011294	0.999999999	1	confidence	0	0
1772-067-039_E04	179	235	19	Fluorescence-based	146.35772	22.19638	234.21754	13.16237	4.05386096	7.13E-05	1.69E-04	confidence	0	1
1772-067-039_E05	179	208	49	Chip.Pattern-based	23.81119365	21.88239675	14.76031788	12.99517117	0.171367501	0.999999988	1	confidence	0	0
1772-067-039_E06	173	238	23	Fluorescence-based	40.19781	22.19994	150.46121	12.88358	3.44749712	1.44E-05	4.88E-05	confidence	0	1
1772-067-039_E07	183	208	23	Fluorescence-based	196.7528769	22.11522544	199.3194275	12.99748452	3.839062855	1.43982E-05	4.87958E-05	confidence	0	0
1772-067-039_E08	182	238	25	Fluorescence-based	166.64053	21.82111	16.4834	12.87713	2.8769299	6.51E-06	2.64E-05	confidence	0	1
1772-067-039_E09	182	206	9	Fluorescence-based	293.27114	21.85585	190.48671	13.52154	3.72097819	4.55E-03	7.05E-03	confidence	0	1
1772-067-039_E10	182	202	49	Chip.Pattern-based	23.92358146	22.00012207	14.61098822	12.99091414	0.158071638	0.999999862	1	confidence	0	0
1772-067-039_E11	180	235	49	Chip.Pattern-based	22.82747797	22.00046166	12.80455743	12.92927968	0.050963438	0.999999999	1	confidence	0	0
1772-067-039_E12	180	205	49	Chip.Pattern-based	23.61596775	21.74985358	14.32661953	13.08655606	0.12172059	0.999999993	1	confidence	0	0
1772-067-039_F01	181	236	21	Fluorescence-based	51.02529604	21.73248495	168.6653813	13.05270906	3.593772043	3.19759E-05	8.72544E-05	confidence	0	0
1772-067-039_F02	184	205	12	Fluorescence-based	285.45455	21.73884	312.20161	12.82104	4.50215404	1.26E-03	2.09E-03	confidence	0	1
1772-067-039_F03	186	235	11	Fluorescence-based	183.09512	21.95925	188.22598	13.13717	3.74254539	1.92E-03	3.13E-03	confidence	0	1
1772-067-039_F04	181	232	18	Fluorescence-based	152.85364	22.06664	145.78601	13.10569	3.37936494	1.07E-04	2.36E-04	confidence	0	1
1772-067-039_F05	182	200	23	Fluorescence-based	71.48145116	22.00474406	89.99565475	13.2179405	2.678085152	1.43982E-05	4.87958E-05	confidence	0	0
1772-067-039_F06	181	230	15	Fluorescence-based	189.57428	21.76716	318.20081	13.16454	4.49410878	3.05E-05	8.73E-05	confidence	0	1
1772-067-039_F07	186	203	21	Fluorescence-based	34.14986	22.02314	78.31082	12.9812	2.50402993	3.15E-05	8.73E-05	confidence	0	1
1772-067-039_F08	185	232	19	Fluorescence-based	165.57241	22.12962	77.35362	13.05547	2.84833577	7.12E-05	1.69E-04	confidence	0	1
1772-067-039_F09	188	200	49	Chip.Pattern-based	23.47298177	21.98331414	13.84454588	13.15845394	0.090603043	0.999999999	1	confidence	0	0
1772-067-039_F10	183	196	12	Fluorescence-based	33.56781	21.93691	44.32013	13.17917	1.67637882	1.26E-03	2.09E-03	confidence	0	1
1772-067-039_F11	184	230	49	Chip.Pattern-based	23.27105176	22.19025388	13.38106816	13.06380781	0.065718013	0.999999999	1	confidence	X = 362, Y = 337 (Green) | X = 494, Y = 132 (Red)	0
1772-067-039_F12	181	199	34	Fluorescence-based	123.15368	21.72099	42.09088	13.26984	2.4500295	1.89E-07	1.75E-06	confidence	0	1
1772-067-039_G01	192	200	49	Fluorescence-based	25.97457778	22.15567391	14.29248245	13.09740627	0.220234633	0.999992827	1	confidence	0	0
1772-067-039_G02	191	196	20	Fluorescence-based	246.8013827	22.20061134	15.62411535	13.33847028	3.416949512	4.75109E-05	0.000119286	confidence	X = 191, Y = 196 (Green) | X = 342, Y = 7 (Red)	0
1772-067-039_G03	188	226	18	Fluorescence-based	33.88498	22.06128	109.04687	13.31988	2.9420264	1.06E-04	2.36E-04	confidence	0	1
1772-067-039_G04	184	222	13	Fluorescence-based	42.11045629	22.12118366	214.1197411	13.34823429	3.906194811	0.00012207	0.000268699	confidence	0	0
1772-067-039_G05	182	194	13	Fluorescence-based	31.86765	22.14967	50.55314	13.09884	1.87048394	8.25E-04	1.44E-03	confidence	0	1
1772-067-039_G06	183	223	23	Fluorescence-based	94.03812	22.19749	170.3483	13.01027	3.61237574	1.44E-05	4.88E-05	confidence	0	1
1772-067-039_G07	191	193	33	Fluorescence-based	95.11295	22.19639	75.01655	12.89056	2.45220858	2.79E-07	2.23E-06	confidence	0	1
1772-067-039_G08	185	225	14	Fluorescence-based	304.66236	22.31981	233.53496	13.12888	4.05308439	5.39E-04	9.81E-04	confidence	0	1
1772-067-039_G09	189	190	15	Fluorescence-based	227.87873	21.85612	152.54584	13.13162	3.44167014	3.61E-04	6.79E-04	confidence	0	1
1772-067-039_G10	186	187	49	Fluorescence-based	27.22485386	21.8953279	13.36954579	12.86469093	0.301912884	0.999491474	1	confidence	0	0
1772-067-039_G11	184	218	18	Fluorescence-based	128.84228	22.12	186.16014	13.0947	3.73104892	1.06E-04	2.36E-04	confidence	0	1
1772-067-039_G12	185	190	42	Fluorescence-based	44.6088	21.90916	119.32411	13.24482	3.07841642	8.54E-09	1.16E-07	confidence	0	1
1772-067-039_H01	184	222	17	Fluorescence-based	97.72568	21.8905	290.56415	12.84175	4.39671511	1.60E-04	3.29E-04	confidence	0	1
1772-067-039_H02	186	190	21	Fluorescence-based	34.24401	22.13032	144.35069	12.97242	3.37888391	3.20E-05	8.73E-05	confidence	0	1
1772-067-039_H03	186	220	20	Fluorescence-based	35.70577	21.96746	41.95036	13.29872	1.58678399	4.76E-05	1.19E-04	confidence	0	1
1772-067-039_H04	184	214	20	Fluorescence-based	195.44836	22.13337	164.77787	13.21401	3.54386579	4.77E-05	1.19E-04	confidence	0	1
1772-067-039_H05	184	187	49	Chip.Pattern-based	22.9642583	21.86781047	13.84942918	13.21346624	0.067566051	0.999999999	1	confidence	0	0
1772-067-039_H06	183	215	9	Fluorescence-based	31.78151	22.12393	109.54812	13.18615	2.96211922	4.51E-03	7.03E-03	confidence	0	1
1772-067-039_H07	186	184	24	Fluorescence-based	90.13523259	21.86246486	138.8838342	13.22281503	3.297950304	9.58846E-06	3.52102E-05	confidence	0	0
1772-067-039_H08	184	215	40	Fluorescence-based	37.87875	22.17134	161.77958	13.14372	3.52468633	1.85E-08	2.26E-07	confidence	0	1
1772-067-039_H09	183	184	8	Fluorescence-based	234.74787	21.99996	15.70877	13.16914	3.35754146	7.07E-03	1.09E-02	confidence	0	1
1772-067-039_H10	181	182	49	Chip.Pattern-based	27.74528928	22.29619819	14.41067126	13.03430317	0.303231015	0.999999604	1	confidence	0	0
1772-067-039_H11	181	212	12	Fluorescence-based	27.65802	22.11644	29.61662	12.86544	1.14282197	1.24E-03	2.09E-03	confidence	0	1
1772-067-039_H12	183	183	29	Fluorescence-based	37.32349393	21.93589631	112.4227114	13.10841063	3.007082173	1.34576E-06	7.82222E-06	confidence	0	0
